# Created by Octave 8.4.0, Sat Jun 07 17:34:35 2025 IST <includestdioh@includestdioh-Inspiron-15-3567>
# name: v
# type: matrix
# rows: 10
# columns: 1
 2005
 5020
 100
 2022
 285
 2021
 1022
 285
 2021
 501


